 M/Ms  Teff     L/Ls   g    R/Rs   Li/Li0    g_p1        r_p1        i_p1        y_p1        z_p1
 0.070  1626.   -4.30  5.38  0.090    0.000  23.84  20.52  18.43  16.50  15.49  
 0.072  1790.   -4.12  5.38  0.091    0.000  22.98  19.88  17.80  15.74  14.66  
 0.075  2037.   -3.89  5.39  0.091    0.000  22.59  19.46  17.23  14.99  13.79  
 0.080  2345.   -3.58  5.35  0.099    0.000  21.06  18.47  15.72  13.63  12.51  
 0.090  2646.   -3.25  5.29  0.113    0.000  18.59  17.06  13.94  12.46  11.66  
 0.100  2812.   -3.06  5.25  0.124    0.000  17.01  15.80  13.00  11.79  11.17  
 0.110  2917.   -2.92  5.22  0.135    0.000  16.34  15.08  12.48  11.37  10.80  
 0.130  3048.   -2.73  5.17  0.156    0.000  15.12  14.03  11.76  10.79  10.30  
 0.150  3133.   -2.58  5.13  0.175    0.000  14.25  13.26  11.26  10.39   9.95  
 0.170  3194.   -2.46  5.10  0.193    0.000  13.78  12.76  10.90  10.07   9.66  
 0.200  3265.   -2.31  5.05  0.220    0.000  13.22  12.20  10.45   9.67   9.28  
 0.300  3416.   -1.95  4.95  0.304    0.000  12.01  10.96   9.44   8.75   8.40  
 0.400  3524.   -1.70  4.88  0.380    0.000  11.20  10.13   8.75   8.12   7.80  
 0.500  3689.   -1.43  4.79  0.471    0.000  10.26   9.16   7.99   7.44   7.16  
 0.600  4013.   -1.12  4.71  0.569    0.000   9.11   7.96   7.11   6.69   6.46  
 0.700  4493.   -0.79  4.64  0.662    0.000   7.85   6.73   6.19   5.90   5.72  
 0.800  5002.   -0.47  4.56  0.776    0.000   6.63   5.75   5.32   5.10   4.97  
 0.900  5495.   -0.12  4.42  0.964    0.063   5.52   4.81   4.45   4.27   4.19  