 M/Ms  Teff     L/Ls   g    R/Rs   Li/Li0    g_p1        r_p1        i_p1        y_p1        z_p1
 0.070  1631.   -4.29  5.38  0.090    0.000  23.80  20.49  18.41  16.47  15.46  
 0.072  1790.   -4.12  5.38  0.091    0.000  22.98  19.88  17.80  15.74  14.66  
 0.075  2041.   -3.88  5.39  0.092    0.000  22.57  19.45  17.22  14.97  13.77  
 0.080  2343.   -3.58  5.35  0.099    0.000  21.08  18.48  15.73  13.63  12.51  
 0.090  2644.   -3.25  5.29  0.113    0.000  18.61  17.07  13.96  12.46  11.66  
 0.100  2811.   -3.06  5.25  0.124    0.000  17.02  15.81  13.01  11.80  11.17  
 0.110  2916.   -2.92  5.22  0.135    0.000  16.35  15.09  12.49  11.37  10.81  
 0.130  3046.   -2.73  5.17  0.156    0.000  15.14  14.05  11.77  10.80  10.31  
 0.150  3131.   -2.58  5.13  0.174    0.000  14.26  13.27  11.27  10.40   9.96  
 0.170  3192.   -2.46  5.10  0.192    0.000  13.79  12.78  10.91  10.08   9.67  
 0.200  3262.   -2.32  5.06  0.217    0.000  13.26  12.23  10.48   9.70   9.31  
 0.300  3416.   -1.97  4.97  0.297    0.000  12.06  11.01   9.49   8.80   8.46  
 0.400  3520.   -1.71  4.89  0.376    0.000  11.23  10.16   8.78   8.14   7.82  
 0.500  3680.   -1.45  4.80  0.465    0.000  10.31   9.21   8.03   7.48   7.19  
 0.600  3979.   -1.15  4.72  0.561    0.000   9.20   8.07   7.19   6.76   6.52  
 0.700  4418.   -0.85  4.66  0.646    0.000   8.06   6.90   6.33   6.02   5.83  
 0.800  4878.   -0.56  4.61  0.736    0.000   6.93   6.00   5.55   5.32   5.18  
 0.900  5297.   -0.29  4.53  0.850    0.068   6.03   5.26   4.88   4.68   4.58  
 1.000  5697.   -0.03  4.44  0.994    0.306   5.23   4.57   4.24   4.08   4.00  
 1.100  5996.    0.23  4.32  1.204    0.574   4.51   3.93   3.63   3.49   3.43  
 1.200  6053.    0.43  4.17  1.491    0.770   3.99   3.42   3.13   3.00   2.94  