 M/Ms  Teff     L/Ls   g     R/Rs    Li/Li0   g_p1   r_p1  i_p1   y_p1   z_p1
 0.070  1650.   -4.27  5.38  0.090    0.000  23.67  20.39  18.32  16.37  15.36  
 0.072  1793.   -4.11  5.38  0.091    0.000  22.96  19.87  17.79  15.73  14.65  
 0.075  2052.   -3.87  5.39  0.092    0.000  22.52  19.44  17.19  14.92  13.72  
 0.080  2343.   -3.58  5.35  0.099    0.000  21.07  18.48  15.72  13.63  12.51  
 0.090  2644.   -3.25  5.29  0.113    0.000  18.61  17.07  13.96  12.46  11.67  
 0.100  2810.   -3.06  5.25  0.124    0.000  17.02  15.81  13.01  11.80  11.17  
 0.110  2915.   -2.92  5.22  0.135    0.000  16.36  15.09  12.49  11.37  10.81  
 0.130  3046.   -2.73  5.17  0.156    0.000  15.14  14.05  11.77  10.80  10.31  
 0.150  3131.   -2.58  5.13  0.174    0.000  14.26  13.28  11.27  10.40   9.96  
 0.170  3191.   -2.46  5.10  0.192    0.000  13.80  12.78  10.91  10.09   9.67  
 0.200  3261.   -2.32  5.07  0.217    0.000  13.26  12.23  10.48   9.70   9.31  
 0.300  3416.   -1.97  4.97  0.295    0.000  12.08  11.02   9.51   8.82   8.47  
 0.400  3520.   -1.71  4.89  0.375    0.000  11.24  10.17   8.79   8.15   7.83  
 0.500  3679.   -1.45  4.80  0.464    0.000  10.32   9.22   8.04   7.49   7.20  
 0.600  3974.   -1.15  4.72  0.559    0.000   9.22   8.09   7.21   6.77   6.53  
 0.700  4407.   -0.85  4.67  0.643    0.000   8.09   6.93   6.35   6.04   5.85  
 0.800  4859.   -0.57  4.61  0.731    0.001   6.98   6.04   5.59   5.35   5.21  
 0.900  5270.   -0.31  4.55  0.838    0.070   6.10   5.31   4.93   4.73   4.62  
 1.000  5661.   -0.06  4.47  0.966    0.306   5.33   4.66   4.33   4.16   4.09  
 1.100  5974.    0.17  4.36  1.143    0.574   4.65   4.06   3.76   3.61   3.56  
 1.200  6191.    0.39  4.25  1.366    0.770   4.05   3.51   3.24   3.11   3.07  
 1.300  6177.    0.56  4.11  1.671    0.880   3.63   3.09   2.81   2.68   2.64  
