 M/Ms  Teff     L/Ls   g    R/Rs   Li/Li0    g_p1        r_p1        i_p1        y_p1        z_p1
 0.070  1626.   -4.30  5.38  0.090    0.000  23.84  20.52  18.43  16.50  15.49  
 0.072  1789.   -4.12  5.38  0.091    0.000  22.98  19.88  17.80  15.75  14.66  
 0.075  2036.   -3.89  5.39  0.091    0.000  22.60  19.46  17.23  14.99  13.79  
 0.080  2344.   -3.58  5.35  0.099    0.000  21.07  18.47  15.72  13.63  12.51  
 0.090  2645.   -3.25  5.29  0.113    0.000  18.60  17.06  13.95  12.46  11.66  
 0.100  2812.   -3.06  5.25  0.124    0.000  17.01  15.80  13.01  11.79  11.17  
 0.110  2917.   -2.92  5.22  0.135    0.000  16.35  15.08  12.48  11.37  10.81  
 0.130  3047.   -2.73  5.17  0.156    0.000  15.13  14.04  11.77  10.79  10.31  
 0.150  3132.   -2.58  5.13  0.175    0.000  14.26  13.27  11.27  10.39   9.95  
 0.170  3193.   -2.46  5.10  0.193    0.000  13.78  12.77  10.90  10.08   9.66  
 0.200  3264.   -2.31  5.06  0.219    0.000  13.23  12.21  10.46   9.68   9.29  
 0.300  3416.   -1.95  4.95  0.303    0.000  12.02  10.97   9.45   8.76   8.41  
 0.400  3522.   -1.70  4.88  0.379    0.000  11.21  10.14   8.76   8.13   7.81  
 0.500  3686.   -1.44  4.79  0.469    0.000  10.28   9.17   8.00   7.45   7.17  
 0.600  4001.   -1.13  4.71  0.566    0.000   9.13   8.00   7.14   6.72   6.48  
 0.700  4467.   -0.81  4.65  0.656    0.000   7.92   6.79   6.23   5.94   5.76  
 0.800  4958.   -0.50  4.58  0.761    0.000   6.74   5.84   5.41   5.18   5.05  
 0.900  5420.   -0.19  4.47  0.914    0.063   5.72   4.99   4.63   4.44   4.35  
 1.000  5772.    0.15  4.29  1.186    0.306   4.77   4.13   3.81   3.65   3.58  