 M/Ms  Teff     L/Ls   g    R/Rs   Li/Li0    g_p1        r_p1        i_p1        y_p1        z_p1
 0.060  1584.   -4.30  5.27  0.094    0.000  24.01  20.65  18.55  16.60  15.58  
 0.070  2047.   -3.85  5.33  0.094    0.000  22.53  19.42  17.17  14.94  13.73  
 0.072  2109.   -3.79  5.34  0.095    0.000  22.27  19.31  16.98  14.66  13.44  
 0.075  2243.   -3.67  5.34  0.097    0.000  21.89  18.93  16.39  14.18  13.00  
 0.080  2400.   -3.51  5.33  0.102    0.000  20.65  18.29  15.40  13.45  12.48  
 0.090  2648.   -3.25  5.29  0.113    0.000  18.56  17.04  13.93  12.44  11.64  
 0.100  2810.   -3.06  5.25  0.124    0.000  17.02  15.81  13.01  11.80  11.17  
 0.110  2915.   -2.92  5.22  0.135    0.000  16.36  15.09  12.49  11.38  10.81  
 0.130  3045.   -2.73  5.17  0.156    0.000  15.15  14.05  11.77  10.80  10.31  
 0.150  3130.   -2.58  5.13  0.174    0.000  14.27  13.28  11.28  10.40   9.96  
 0.170  3191.   -2.46  5.10  0.192    0.000  13.80  12.79  10.92  10.09   9.67  
 0.200  3261.   -2.32  5.07  0.217    0.000  13.27  12.24  10.49   9.71   9.32  
 0.300  3415.   -1.99  4.99  0.291    0.000  12.11  11.05   9.54   8.85   8.50  
 0.400  3520.   -1.72  4.90  0.372    0.000  11.26  10.19   8.81   8.17   7.85  
 0.500  3680.   -1.46  4.81  0.460    0.000  10.34   9.23   8.06   7.50   7.22  
 0.600  3967.   -1.16  4.73  0.554    0.000   9.25   8.12   7.23   6.80   6.56  
 0.700  4387.   -0.87  4.67  0.637    0.000   8.15   6.98   6.39   6.08   5.89  
 0.800  4826.   -0.60  4.63  0.719    0.002   7.07   6.11   5.65   5.41   5.27  
 0.900  5220.   -0.35  4.57  0.816    0.078   6.22   5.42   5.03   4.82   4.72  
 1.000  5592.   -0.13  4.51  0.923    0.306   5.50   4.82   4.47   4.30   4.22  
 1.100  5916.    0.09  4.43  1.054    0.574   4.88   4.27   3.97   3.82   3.76  
 1.200  6187.    0.28  4.36  1.204    0.770   4.33   3.79   3.52   3.39   3.34  
 1.300  6438.    0.46  4.28  1.363    0.880   3.84   3.35   3.11   3.00   2.96  
 1.400  6684.    0.62  4.22  1.521    0.938   3.40   2.96   2.74   2.65   2.62  