 M/Ms  Teff     L/Ls   g    R/Rs   Li/Li0    g_p1        r_p1        i_p1        y_p1        z_p1
 0.070  1627.   -4.30  5.38  0.090    0.000  23.83  20.52  18.43  16.49  15.48  
 0.072  1790.   -4.12  5.38  0.091    0.000  22.98  19.88  17.80  15.74  14.66  
 0.075  2038.   -3.89  5.39  0.091    0.000  22.59  19.46  17.23  14.99  13.79  
 0.080  2343.   -3.58  5.35  0.099    0.000  21.07  18.48  15.72  13.63  12.51  
 0.090  2644.   -3.25  5.29  0.113    0.000  18.60  17.07  13.95  12.46  11.66  
 0.100  2811.   -3.06  5.25  0.124    0.000  17.02  15.80  13.01  11.80  11.17  
 0.110  2916.   -2.92  5.22  0.135    0.000  16.35  15.09  12.49  11.37  10.81  
 0.130  3046.   -2.73  5.17  0.156    0.000  15.14  14.04  11.77  10.80  10.31  
 0.150  3131.   -2.58  5.13  0.175    0.000  14.26  13.27  11.27  10.40   9.96  
 0.170  3192.   -2.46  5.10  0.192    0.000  13.79  12.78  10.91  10.08   9.67  
 0.200  3262.   -2.32  5.06  0.218    0.000  13.25  12.23  10.48   9.70   9.31  
 0.300  3416.   -1.96  4.96  0.299    0.000  12.05  10.99   9.48   8.79   8.44  
 0.400  3521.   -1.71  4.89  0.377    0.000  11.23  10.15   8.77   8.14   7.82  
 0.500  3682.   -1.44  4.80  0.467    0.000  10.30   9.20   8.02   7.47   7.19  
 0.600  3984.   -1.15  4.72  0.562    0.000   9.19   8.05   7.18   6.75   6.51  
 0.700  4430.   -0.84  4.66  0.648    0.000   8.02   6.88   6.30   6.00   5.82  
 0.800  4896.   -0.55  4.60  0.742    0.000   6.89   5.96   5.52   5.28   5.15  
 0.900  5325.   -0.27  4.52  0.863    0.066   5.96   5.20   4.82   4.63   4.53  
 1.000  5732.    0.01  4.41  1.028    0.306   5.12   4.47   4.15   3.98   3.91  
 1.100  5971.    0.27  4.26  1.281    0.574   4.40   3.81   3.51   3.37   3.31  