 M/Ms  Teff     L/Ls   g    R/Rs   Li/Li0    g_p1        r_p1        i_p1        y_p1        z_p1
 0.070  1720.   -4.19  5.37  0.091    0.000  23.24  20.06  18.00  16.03  15.00  
 0.072  1811.   -4.09  5.38  0.091    0.000  22.91  19.83  17.75  15.67  14.58  
 0.075  2083.   -3.84  5.38  0.093    0.000  22.36  19.38  17.10  14.77  13.56  
 0.080  2348.   -3.57  5.35  0.099    0.000  21.04  18.46  15.70  13.61  12.51  
 0.090  2643.   -3.25  5.29  0.113    0.000  18.61  17.07  13.96  12.47  11.67  
 0.100  2810.   -3.06  5.25  0.124    0.000  17.02  15.81  13.01  11.80  11.17  
 0.110  2915.   -2.92  5.22  0.135    0.000  16.36  15.09  12.49  11.38  10.81  
 0.130  3045.   -2.73  5.17  0.156    0.000  15.14  14.05  11.77  10.80  10.31  
 0.150  3130.   -2.58  5.13  0.174    0.000  14.27  13.28  11.28  10.40   9.96  
 0.170  3191.   -2.46  5.10  0.192    0.000  13.80  12.79  10.91  10.09   9.67  
 0.200  3261.   -2.32  5.07  0.217    0.000  13.27  12.24  10.49   9.71   9.32  
 0.300  3415.   -1.98  4.98  0.293    0.000  12.10  11.04   9.52   8.83   8.49  
 0.400  3519.   -1.71  4.89  0.374    0.000  11.25  10.18   8.79   8.16   7.84  
 0.500  3679.   -1.45  4.81  0.462    0.000  10.33   9.23   8.05   7.49   7.21  
 0.600  3969.   -1.16  4.72  0.557    0.000   9.24   8.10   7.22   6.78   6.55  
 0.700  4396.   -0.86  4.67  0.640    0.000   8.12   6.96   6.37   6.06   5.87  
 0.800  4842.   -0.59  4.62  0.725    0.001   7.02   6.07   5.62   5.38   5.24  
 0.900  5244.   -0.33  4.56  0.827    0.073   6.16   5.37   4.98   4.78   4.67  
 1.000  5627.   -0.10  4.49  0.944    0.306   5.42   4.74   4.40   4.23   4.16  
 1.100  5945.    0.13  4.40  1.093    0.574   4.77   4.17   3.87   3.73   3.67  
 1.200  6202.    0.33  4.31  1.274    0.770   4.20   3.66   3.38   3.26   3.21  
 1.300  6403.    0.52  4.21  1.481    0.880   3.69   3.20   2.95   2.83   2.80  
 1.400  6464.    0.68  4.10  1.751    0.938   3.27   2.79   2.55   2.44   2.41  